NATIONAL TESTING AGENCY
Test Booklet Code : A1
Q.No. Answer Q.No. Answer Q.No. Answer
1 of 4
FINAL ANSWER KEY FOR NEET (UG) - 2024 RE-EXAM HELD ON 23.06.2024
Q.No. Answer Q.No. Answer
 1 4
 2 1
 3 3
 4 2
 5 2
 6 3
 7 4
 8 4
 9 2
 10 3
 11 4
 12 2
 13 1
 14 3
 15 4
 16 1
 17 2
 18 4
 19 2
 20 2
 21 3
 22 4
 23 2
 24 4
 25 4
 26 2
 27 1
 28 1
 29 3
 30 2
 31 1
 32 1
 33 4
 34 1
 35 2
 36 4
 37 1
 38 3
 39 3
 40 3
 41 2
 42 3
 43 1
 44 2
 45 1
 46 3
 47 2
 48 1
 49 1
 50 2
 51 2
 52 4
 53 2
 54 4
 55 4
 56 4
 57 4
 58 3
 59 4
 60 2
 61 1
 62 2
 63 1
 64 3
 65 1
 66 1
 67 1
 68 4
 69 1
 70 1
 71 3
 72 1
 73 3
 74 3
 75 3
 76 4
 77 3
 78 4
 79 3
 80 2
 81 2
 82 1
 83 4
 84 1
 85 3
 86 4
 87 3
 88 2
 89 2
 90 2
 91 3
 92 2
 93 4
 94 1
 95 3
 96 3
 97 3
 98 4
 99 3
100 1
101 1
102 4
103 1
104 1
105 1
106 1
107 2
108 2
109 4
110 3
111 3
112 2
113 3
114 1
115 4
116 2
117 3
118 3
119 2
120 1
121 2
122 3
123 3
124 3
125 4
126 1
127 3
128 4
129 2
130 2
131 4
132 3
133 2
134 3
135 3
136 3
137 1
138 3
139 3
140 1
141 2
142 2
143 3
144 1
145 2
146 1
147 4
148 3
149 4
150 1
151 1
152 1
153 3
154 2
155 1
156 3
157 2
158 3
159 2
160 2
161 2
162 4
163 1
164 4
165 3
166 2
167 4
168 2
169 3
170 2
171 4
172 1
173 3
174 4
175 1
176 3
177 2
178 4
179 2
180 3
181 2
182 3
183 2
184 1
185 4
186 3
187 2
188 2
189 2
190 1
191 3
192 3
193 2
194 3
195 1
196 1
197 1
198 3
199 3
200 3
NATIONAL TESTING AGENCY
Test Booklet Code : B1
Q.No. Answer Q.No. Answer Q.No. Answer
2 of 4
FINAL ANSWER KEY FOR NEET (UG) - 2024 RE-EXAM HELD ON 23.06.2024
Q.No. Answer Q.No. Answer
 1 1
 2 3
 3 2
 4 1
 5 4
 6 4
 7 3
 8 4
 9 3
 10 1
 11 4
 12 1
 13 1
 14 2
 15 3
 16 1
 17 3
 18 2
 19 4
 20 1
 21 1
 22 3
 23 1
 24 1
 25 2
 26 2
 27 4
 28 2
 29 3
 30 4
 31 3
 32 1
 33 4
 34 3
 35 3
 36 4
 37 3
 38 4
 39 1
 40 2
 41 2
 42 4
 43 2
 44 2
 45 2
 46 1
 47 4
 48 1
 49 1
 50 4
 51 4
 52 3
 53 3
 54 2
 55 3
 56 1
 57 2
 58 1
 59 4
 60 2
 61 4
 62 3
 63 4
 64 3
 65 2
 66 1
 67 2
 68 4
 69 3
 70 1
 71 4
 72 1
 73 3
 74 4
 75 4
 76 2
 77 4
 78 2
 79 3
 80 4
 81 3
 82 3
 83 2
 84 2
 85 1
 86 2
 87 2
 88 2
 89 1
 90 1
 91 3
 92 1
 93 4
 94 3
 95 1
 96 2
 97 4
 98 2
 99 2
100 3
101 3
102 4
103 2
104 4
105 2
106 4
107 4
108 4
109 1
110 2
111 3
112 4
113 1
114 4
115 2
116 1
117 3
118 2
119 2
120 2
121 2
122 2
123 1
124 3
125 1
126 1
127 1
128 4
129 3
130 2
131 2
132 2
133 1
134 3
135 1
136 4
137 2
138 1
139 2
140 3
141 2
142 4
143 2
144 4
145 3
146 4
147 4
148 1
149 2
150 1
151 2
152 1
153 2
154 2
155 3
156 3
157 3
158 4
159 3
160 2
161 1
162 4
163 1
164 3
165 1
166 1
167 1
168 1
169 2
170 1
171 4
172 3
173 2
174 2
175 4
176 2
177 1
178 1
179 4
180 3
181 2
182 4
183 1
184 4
185 1
186 2
187 2
188 4
189 1
190 4
191 4
192 1
193 1
194 2
195 2
196 2
197 1
198 2
199 2
200 4
NATIONAL TESTING AGENCY
Test Booklet Code : C1
Q.No. Answer Q.No. Answer Q.No. Answer
3 of 4
FINAL ANSWER KEY FOR NEET (UG) - 2024 RE-EXAM HELD ON 23.06.2024
Q.No. Answer Q.No. Answer
 1 2
 2 1
 3 4
 4 4
 5 3
 6 3
 7 1
 8 3
 9 4
 10 4
 11 1
 12 2
 13 2
 14 1
 15 4
 16 4
 17 4
 18 3
 19 2
 20 3
 21 1
 22 2
 23 2
 24 3
 25 4
 26 2
 27 2
 28 1
 29 2
 30 3
 31 3
 32 2
 33 4
 34 4
 35 4
 36 3
 37 4
 38 4
 39 1
 40 3
 41 4
 42 1
 43 1
 44 1
 45 1
 46 4
 47 3
 48 3
 49 2
 50 3
 51 2
 52 3
 53 2
 54 3
 55 2
 56 3
 57 3
 58 4
 59 2
 60 4
 61 4
 62 3
 63 2
 64 3
 65 1
 66 1
 67 2
 68 2
 69 1
 70 1
 71 1
 72 4
 73 3
 74 3
 75 1
 76 2
 77 2
 78 1
 79 1
 80 1
 81 3
 82 4
 83 2
 84 4
 85 3
 86 1
 87 2
 88 4
 89 4
 90 1
 91 1
 92 1
 93 2
 94 1
 95 2
 96 1
 97 3
 98 4
 99 4
100 3
101 3
102 1
103 4
104 2
105 2
106 1
107 2
108 1
109 4
110 2
111 1
112 3
113 1
114 1
115 1
116 2
117 1
118 3
119 4
120 3
121 3
122 4
123 2
124 3
125 1
126 3
127 4
128 4
129 4
130 4
131 1
132 3
133 1
134 1
135 4
136 1
137 2
138 2
139 3
140 4
141 3
142 1
143 3
144 1
145 3
146 1
147 4
148 4
149 1
150 3
151 4
152 1
153 4
154 2
155 4
156 4
157 4
158 1
159 1
160 3
161 2
162 1
163 3
164 3
165 1
166 4
167 2
168 1
169 2
170 4
171 3
172 3
173 4
174 4
175 1
176 3
177 2
178 4
179 3
180 1
181 1
182 4
183 2
184 2
185 4
186 1
187 4
188 1
189 3
190 1
191 3
192 4
193 1
194 1
195 4
196 1
197 1
198 4
199 3
200 3
NATIONAL TESTING AGENCY
Test Booklet Code : D1
Q.No. Answer Q.No. Answer Q.No. Answer
4 of 4
FINAL ANSWER KEY FOR NEET (UG) - 2024 RE-EXAM HELD ON 23.06.2024
Q.No. Answer Q.No. Answer
 1 1
 2 2
 3 4
 4 4
 5 3
 6 1
 7 3
 8 1
 9 3
 10 2
 11 4
 12 3
 13 2
 14 1
 15 3
 16 2
 17 3
 18 1
 19 3
 20 1
 21 2
 22 3
 23 4
 24 4
 25 3
 26 3
 27 1
 28 1
 29 1
 30 2
 31 3
 32 4
 33 2
 34 2
 35 1
 36 4
 37 1
 38 3
 39 2
 40 3
 41 3
 42 4
 43 2
 44 4
 45 2
 46 2
 47 2
 48 3
 49 4
 50 4
 51 2
 52 4
 53 1
 54 4
 55 1
 56 3
 57 2
 58 1
 59 1
 60 2
 61 3
 62 1
 63 4
 64 1
 65 2
 66 3
 67 4
 68 4
 69 3
 70 3
 71 1
 72 1
 73 3
 74 2
 75 2
 76 4
 77 4
 78 4
 79 2
 80 4
 81 1
 82 2
 83 1
 84 2
 85 2
 86 4
 87 3
 88 4
 89 1
 90 2
 91 4
 92 3
 93 4
 94 3
 95 1
 96 4
 97 1
 98 4
 99 3
100 2
101 3
102 2
103 4
104 3
105 3
106 4
107 4
108 2
109 3
110 4
111 1
112 4
113 2
114 4
115 3
116 2
117 3
118 1
119 4
120 4
121 3
122 2
123 4
124 3
125 3
126 1
127 4
128 4
129 2
130 1
131 1
132 4
133 1
134 2
135 2
136 2
137 1
138 1
139 3
140 3
141 4
142 2
143 4
144 2
145 3
146 4
147 2
148 4
149 2
150 4
151 3
152 3
153 4
154 4
155 4
156 2
157 3
158 1
159 1
160 4
161 3
162 4
163 3
164 3
165 1
166 3
167 3
168 2
169 2
170 3
171 2
172 1
173 1
174 3
175 4
176 2
177 3
178 4
179 2
180 4
181 2
182 4
183 1
184 3
185 1
186 2
187 3
188 4
189 4
190 2
191 3
192 2
193 3
194 2
195 4
196 4
197 4
198 4
199 3
200 4
